[vr.jpg]
filters=crop64=1,29cdffbb9ccc;enhance=1;radblur=1,0.550000,0.335938,-0.543860,-0.216374;Soften=1,50.000000,50.000000;
crop=rect64(29cdffbb9ccc)
moddate=0000e3574fd20000
width=960
height=1280
textactive=0
[subtitle.png]
filters=Holga=1,100.000000,100.000000,0.000000;
moddate=0000f4069fd50000
width=2432
height=1568
textactive=0
[subtitle.1.jpg]
filters=Soften=1,100.000000,33.918129;finetune2=1,0.350877,0.000000,0.000000,00000000,0.000000;
moddate=00002f0a9fd50000
width=2096
height=2248
textactive=0
